15 14 4 1 1575043439.735 France Sèvres
15 14 4 1 1575043471.847 France Sèvres
15 14 4 1 1575043503.959 France Sèvres
11 10 4 1 1576509124.343 France Sèvres
11 10 4 1 1576509156.433 France Sèvres
11 10 4 1 1576509188.551 France Sèvres
11 10 4 1 1576509220.643 France Sèvres
11 10 4 1 1576509252.761 France Sèvres
11 10 4 1 1576509284.872 France Sèvres
11 10 4 1 1576509316.985 France Sèvres
11 10 4 1 1576509349.184 France Sèvres
11 10 4 1 1576509381.194 France Sèvres
11 10 4 1 1576509413.305 France Sèvres
11 10 4 1 1576509445.424 France Sèvres
11 10 4 1 1576509477.514 France Sèvres
11 10 4 1 1576509509.615 France Sèvres
11 10 4 1 1576509541.778 France Sèvres
11 10 4 1 1576509573.853 France Sèvres
11 10 4 1 1576509606.277 France Sèvres
11 10 4 1 1576509638.069 France Sèvres
11 10 4 1 1576509670.174 France Sèvres
11 10 4 1 1576509702.302 France Sèvres
11 10 4 1 1576509734.397 France Sèvres
11 10 4 1 1576509766.592 France Sèvres
11 10 4 1 1576509798.626 France Sèvres
11 10 4 1 1576509830.736 France Sèvres
11 10 4 1 1576509862.841 France Sèvres
11 10 4 1 1576509894.944 France Sèvres
11 10 4 1 1576509927.057 France Sèvres
11 10 4 1 1576509959.178 France Sèvres
11 10 4 1 1576509991.295 France Sèvres
11 10 4 1 1576510023.385 France Sèvres
10 10 4 1 1576510055.504 France Sèvres
11 10 4 1 1576510087.615 France Sèvres
11 10 4 1 1576510119.734 France Sèvres
11 10 4 1 1576510151.824 France Sèvres
11 10 4 1 1576510183.921 France Sèvres
11 10 4 1 1576510216.032 France Sèvres
11 10 4 1 1576510248.182 France Sèvres
11 10 4 1 1576510280.266 France Sèvres
11 10 4 1 1576510312.363 France Sèvres
11 10 4 1 1576510377.005 France Sèvres
11 10 4 1 1576510408.693 France Sèvres
11 10 4 1 1576510440.795 France Sèvres
11 10 4 1 1576510472.907 France Sèvres
11 10 4 1 1576510505.025 France Sèvres
11 10 4 1 1576510537.145 France Sèvres
11 10 4 1 1576510569.244 France Sèvres
11 10 4 1 1576510601.424 France Sèvres
11 10 4 1 1576510633.464 France Sèvres
11 10 4 1 1576510665.575 France Sèvres
11 10 4 1 1576510697.707 France Sèvres
11 10 4 1 1576510729.904 France Sèvres
11 10 4 1 1576510761.905 France Sèvres
11 10 4 1 1576510794.013 France Sèvres
11 10 4 1 1576510826.116 France Sèvres
11 10 4 1 1576510858.221 France Sèvres
11 10 4 1 1576510890.355 France Sèvres
11 10 4 1 1576510922.461 France Sèvres
11 10 4 1 1576510954.549 France Sèvres
11 10 4 1 1576510986.66 France Sèvres
11 10 4 1 1576511018.781 France Sèvres
11 10 4 1 1576511050.901 France Sèvres
11 10 4 1 1576511083.011 France Sèvres
11 10 4 1 1576511115.1 France Sèvres
11 10 4 1 1576511147.261 France Sèvres
11 10 4 1 1576511179.343 France Sèvres
11 10 4 1 1576511211.42 France Sèvres
11 10 4 1 1576511243.54 France Sèvres
11 10 4 1 1576511275.66 France Sèvres
11 10 4 1 1576511307.771 France Sèvres
11 10 4 1 1576511339.87 France Sèvres
11 10 4 1 1576511371.98 France Sèvres
11 10 4 1 1576511404.08 France Sèvres
11 10 4 1 1576511436.21 France Sèvres
11 10 4 1 1576511468.322 France Sèvres
11 10 4 1 1576511500.413 France Sèvres
11 10 4 1 1576511532.548 France Sèvres
11 10 4 1 1576511564.665 France Sèvres
11 10 4 1 1576511596.758 France Sèvres
11 10 4 1 1576511628.881 France Sèvres
11 10 4 1 1576511660.982 France Sèvres
11 10 4 1 1576511693.09 France Sèvres
11 10 4 1 1576511725.194 France Sèvres
11 10 4 1 1576511757.3 France Sèvres
11 10 4 1 1576511789.603 France Sèvres
11 10 4 1 1576511821.54 France Sèvres
11 10 4 1 1576511885.742 France Sèvres
11 10 4 1 1576511917.861 France Sèvres
11 10 4 1 1576511949.96 France Sèvres
11 10 4 1 1576511982.063 France Sèvres
11 10 4 1 1576512014.221 France Sèvres
11 10 4 1 1576512046.308 France Sèvres
11 10 4 1 1576512078.409 France Sèvres
11 10 4 1 1576512110.507 France Sèvres
11 10 4 1 1576512142.618 France Sèvres
11 10 4 1 1576512174.738 France Sèvres
11 10 4 1 1576512206.847 France Sèvres
11 10 4 1 1576512238.957 France Sèvres
11 10 4 1 1576512271.077 France Sèvres
11 10 4 1 1576512303.177 France Sèvres
11 10 4 1 1576512335.302 France Sèvres
11 10 4 1 1576512367.425 France Sèvres
11 10 4 1 1576512399.496 France Sèvres
11 10 4 1 1576512431.598 France Sèvres
11 10 4 1 1576512463.728 France Sèvres
11 10 4 1 1576512495.826 France Sèvres
18 11 4 1 1576576353.639 France Sèvres
15 14 4 1 1575043439.735 France Sèvres
15 14 4 1 1575043471.847 France Sèvres
15 14 4 1 1575043503.959 France Sèvres
11 10 4 1 1576509124.343 France Sèvres
11 10 4 1 1576509156.433 France Sèvres
11 10 4 1 1576509188.551 France Sèvres
11 10 4 1 1576509220.643 France Sèvres
11 10 4 1 1576509252.761 France Sèvres
11 10 4 1 1576509284.872 France Sèvres
11 10 4 1 1576509316.985 France Sèvres
11 10 4 1 1576509349.184 France Sèvres
11 10 4 1 1576509381.194 France Sèvres
11 10 4 1 1576509413.305 France Sèvres
11 10 4 1 1576509445.424 France Sèvres
11 10 4 1 1576509477.514 France Sèvres
11 10 4 1 1576509509.615 France Sèvres
11 10 4 1 1576509541.778 France Sèvres
11 10 4 1 1576509573.853 France Sèvres
11 10 4 1 1576509606.277 France Sèvres
11 10 4 1 1576509638.069 France Sèvres
11 10 4 1 1576509670.174 France Sèvres
11 10 4 1 1576509702.302 France Sèvres
11 10 4 1 1576509734.397 France Sèvres
11 10 4 1 1576509766.592 France Sèvres
11 10 4 1 1576509798.626 France Sèvres
11 10 4 1 1576509830.736 France Sèvres
11 10 4 1 1576509862.841 France Sèvres
11 10 4 1 1576509894.944 France Sèvres
11 10 4 1 1576509927.057 France Sèvres
11 10 4 1 1576509959.178 France Sèvres
11 10 4 1 1576509991.295 France Sèvres
11 10 4 1 1576510023.385 France Sèvres
10 10 4 1 1576510055.504 France Sèvres
11 10 4 1 1576510087.615 France Sèvres
11 10 4 1 1576510119.734 France Sèvres
11 10 4 1 1576510151.824 France Sèvres
11 10 4 1 1576510183.921 France Sèvres
11 10 4 1 1576510216.032 France Sèvres
11 10 4 1 1576510248.182 France Sèvres
11 10 4 1 1576510280.266 France Sèvres
11 10 4 1 1576510312.363 France Sèvres
11 10 4 1 1576510377.005 France Sèvres
11 10 4 1 1576510408.693 France Sèvres
11 10 4 1 1576510440.795 France Sèvres
11 10 4 1 1576510472.907 France Sèvres
11 10 4 1 1576510505.025 France Sèvres
11 10 4 1 1576510537.145 France Sèvres
11 10 4 1 1576510569.244 France Sèvres
11 10 4 1 1576510601.424 France Sèvres
11 10 4 1 1576510633.464 France Sèvres
11 10 4 1 1576510665.575 France Sèvres
11 10 4 1 1576510697.707 France Sèvres
11 10 4 1 1576510729.904 France Sèvres
11 10 4 1 1576510761.905 France Sèvres
11 10 4 1 1576510794.013 France Sèvres
11 10 4 1 1576510826.116 France Sèvres
11 10 4 1 1576510858.221 France Sèvres
11 10 4 1 1576510890.355 France Sèvres
11 10 4 1 1576510922.461 France Sèvres
11 10 4 1 1576510954.549 France Sèvres
11 10 4 1 1576510986.66 France Sèvres
11 10 4 1 1576511018.781 France Sèvres
11 10 4 1 1576511050.901 France Sèvres
11 10 4 1 1576511083.011 France Sèvres
11 10 4 1 1576511115.1 France Sèvres
11 10 4 1 1576511147.261 France Sèvres
11 10 4 1 1576511179.343 France Sèvres
11 10 4 1 1576511211.42 France Sèvres
11 10 4 1 1576511243.54 France Sèvres
11 10 4 1 1576511275.66 France Sèvres
11 10 4 1 1576511307.771 France Sèvres
11 10 4 1 1576511339.87 France Sèvres
11 10 4 1 1576511371.98 France Sèvres
11 10 4 1 1576511404.08 France Sèvres
11 10 4 1 1576511436.21 France Sèvres
11 10 4 1 1576511468.322 France Sèvres
11 10 4 1 1576511500.413 France Sèvres
11 10 4 1 1576511532.548 France Sèvres
11 10 4 1 1576511564.665 France Sèvres
11 10 4 1 1576511596.758 France Sèvres
11 10 4 1 1576511628.881 France Sèvres
11 10 4 1 1576511660.982 France Sèvres
11 10 4 1 1576511693.09 France Sèvres
11 10 4 1 1576511725.194 France Sèvres
11 10 4 1 1576511757.3 France Sèvres
11 10 4 1 1576511789.603 France Sèvres
11 10 4 1 1576511821.54 France Sèvres
11 10 4 1 1576511885.742 France Sèvres
11 10 4 1 1576511917.861 France Sèvres
11 10 4 1 1576511949.96 France Sèvres
11 10 4 1 1576511982.063 France Sèvres
11 10 4 1 1576512014.221 France Sèvres
11 10 4 1 1576512046.308 France Sèvres
11 10 4 1 1576512078.409 France Sèvres
11 10 4 1 1576512110.507 France Sèvres
11 10 4 1 1576512142.618 France Sèvres
11 10 4 1 1576512174.738 France Sèvres
11 10 4 1 1576512206.847 France Sèvres
11 10 4 1 1576512238.957 France Sèvres
11 10 4 1 1576512271.077 France Sèvres
11 10 4 1 1576512303.177 France Sèvres
11 10 4 1 1576512335.302 France Sèvres
11 10 4 1 1576512367.425 France Sèvres
11 10 4 1 1576512399.496 France Sèvres
11 10 4 1 1576512431.598 France Sèvres
11 10 4 1 1576512463.728 France Sèvres
11 10 4 1 1576512495.826 France Sèvres
18 11 4 1 1576576353.639 France Sèvres
15 14 4 1 1575043439.735 France Sèvres
15 14 4 1 1575043471.847 France Sèvres
15 14 4 1 1575043503.959 France Sèvres
11 10 4 1 1576509124.343 France Sèvres
11 10 4 1 1576509156.433 France Sèvres
11 10 4 1 1576509188.551 France Sèvres
11 10 4 1 1576509220.643 France Sèvres
11 10 4 1 1576509252.761 France Sèvres
11 10 4 1 1576509284.872 France Sèvres
11 10 4 1 1576509316.985 France Sèvres
11 10 4 1 1576509349.184 France Sèvres
11 10 4 1 1576509381.194 France Sèvres
11 10 4 1 1576509413.305 France Sèvres
11 10 4 1 1576509445.424 France Sèvres
11 10 4 1 1576509477.514 France Sèvres
11 10 4 1 1576509509.615 France Sèvres
11 10 4 1 1576509541.778 France Sèvres
11 10 4 1 1576509573.853 France Sèvres
11 10 4 1 1576509606.277 France Sèvres
11 10 4 1 1576509638.069 France Sèvres
11 10 4 1 1576509670.174 France Sèvres
11 10 4 1 1576509702.302 France Sèvres
11 10 4 1 1576509734.397 France Sèvres
11 10 4 1 1576509766.592 France Sèvres
11 10 4 1 1576509798.626 France Sèvres
11 10 4 1 1576509830.736 France Sèvres
11 10 4 1 1576509862.841 France Sèvres
11 10 4 1 1576509894.944 France Sèvres
11 10 4 1 1576509927.057 France Sèvres
11 10 4 1 1576509959.178 France Sèvres
11 10 4 1 1576509991.295 France Sèvres
11 10 4 1 1576510023.385 France Sèvres
10 10 4 1 1576510055.504 France Sèvres
11 10 4 1 1576510087.615 France Sèvres
11 10 4 1 1576510119.734 France Sèvres
11 10 4 1 1576510151.824 France Sèvres
11 10 4 1 1576510183.921 France Sèvres
11 10 4 1 1576510216.032 France Sèvres
11 10 4 1 1576510248.182 France Sèvres
11 10 4 1 1576510280.266 France Sèvres
11 10 4 1 1576510312.363 France Sèvres
11 10 4 1 1576510377.005 France Sèvres
11 10 4 1 1576510408.693 France Sèvres
11 10 4 1 1576510440.795 France Sèvres
11 10 4 1 1576510472.907 France Sèvres
11 10 4 1 1576510505.025 France Sèvres
11 10 4 1 1576510537.145 France Sèvres
11 10 4 1 1576510569.244 France Sèvres
11 10 4 1 1576510601.424 France Sèvres
11 10 4 1 1576510633.464 France Sèvres
11 10 4 1 1576510665.575 France Sèvres
11 10 4 1 1576510697.707 France Sèvres
11 10 4 1 1576510729.904 France Sèvres
11 10 4 1 1576510761.905 France Sèvres
11 10 4 1 1576510794.013 France Sèvres
11 10 4 1 1576510826.116 France Sèvres
11 10 4 1 1576510858.221 France Sèvres
11 10 4 1 1576510890.355 France Sèvres
11 10 4 1 1576510922.461 France Sèvres
11 10 4 1 1576510954.549 France Sèvres
11 10 4 1 1576510986.66 France Sèvres
11 10 4 1 1576511018.781 France Sèvres
11 10 4 1 1576511050.901 France Sèvres
11 10 4 1 1576511083.011 France Sèvres
11 10 4 1 1576511115.1 France Sèvres
11 10 4 1 1576511147.261 France Sèvres
11 10 4 1 1576511179.343 France Sèvres
11 10 4 1 1576511211.42 France Sèvres
11 10 4 1 1576511243.54 France Sèvres
11 10 4 1 1576511275.66 France Sèvres
11 10 4 1 1576511307.771 France Sèvres
11 10 4 1 1576511339.87 France Sèvres
11 10 4 1 1576511371.98 France Sèvres
11 10 4 1 1576511404.08 France Sèvres
11 10 4 1 1576511436.21 France Sèvres
11 10 4 1 1576511468.322 France Sèvres
11 10 4 1 1576511500.413 France Sèvres
11 10 4 1 1576511532.548 France Sèvres
11 10 4 1 1576511564.665 France Sèvres
11 10 4 1 1576511596.758 France Sèvres
11 10 4 1 1576511628.881 France Sèvres
11 10 4 1 1576511660.982 France Sèvres
11 10 4 1 1576511693.09 France Sèvres
11 10 4 1 1576511725.194 France Sèvres
11 10 4 1 1576511757.3 France Sèvres
11 10 4 1 1576511789.603 France Sèvres
11 10 4 1 1576511821.54 France Sèvres
11 10 4 1 1576511885.742 France Sèvres
11 10 4 1 1576511917.861 France Sèvres
11 10 4 1 1576511949.96 France Sèvres
11 10 4 1 1576511982.063 France Sèvres
11 10 4 1 1576512014.221 France Sèvres
11 10 4 1 1576512046.308 France Sèvres
11 10 4 1 1576512078.409 France Sèvres
11 10 4 1 1576512110.507 France Sèvres
11 10 4 1 1576512142.618 France Sèvres
11 10 4 1 1576512174.738 France Sèvres
11 10 4 1 1576512206.847 France Sèvres
11 10 4 1 1576512238.957 France Sèvres
11 10 4 1 1576512271.077 France Sèvres
11 10 4 1 1576512303.177 France Sèvres
11 10 4 1 1576512335.302 France Sèvres
11 10 4 1 1576512367.425 France Sèvres
11 10 4 1 1576512399.496 France Sèvres
11 10 4 1 1576512431.598 France Sèvres
11 10 4 1 1576512463.728 France Sèvres
11 10 4 1 1576512495.826 France Sèvres
18 11 4 1 1576576353.639 France Sèvres
