15 14 4 1 1575043439.735 48.826237 2.2231455
15 14 4 1 1575043471.847 48.826237 2.2231455
15 14 4 1 1575043503.959 48.826237 2.2231455
11 10 4 1 1576509124.343 48.826237 2.2231455
11 10 4 1 1576509156.433 48.826237 2.2231455
11 10 4 1 1576509188.551 48.826237 2.2231455
11 10 4 1 1576509220.643 48.826237 2.2231455
11 10 4 1 1576509252.761 48.826237 2.2231455
11 10 4 1 1576509284.872 48.826237 2.2231455
11 10 4 1 1576509316.985 48.826237 2.2231455
11 10 4 1 1576509349.184 48.826237 2.2231455
11 10 4 1 1576509381.194 48.826237 2.2231455
11 10 4 1 1576509413.305 48.826237 2.2231455
11 10 4 1 1576509445.424 48.826237 2.2231455
11 10 4 1 1576509477.514 48.826237 2.2231455
11 10 4 1 1576509509.615 48.826237 2.2231455
11 10 4 1 1576509541.778 48.826237 2.2231455
11 10 4 1 1576509573.853 48.826237 2.2231455
11 10 4 1 1576509606.277 48.826237 2.2231455
11 10 4 1 1576509638.069 48.826237 2.2231455
11 10 4 1 1576509670.174 48.826237 2.2231455
11 10 4 1 1576509702.302 48.826237 2.2231455
11 10 4 1 1576509734.397 48.826237 2.2231455
11 10 4 1 1576509766.592 48.826237 2.2231455
11 10 4 1 1576509798.626 48.826237 2.2231455
11 10 4 1 1576509830.736 48.826237 2.2231455
11 10 4 1 1576509862.841 48.826237 2.2231455
11 10 4 1 1576509894.944 48.826237 2.2231455
11 10 4 1 1576509927.057 48.826237 2.2231455
11 10 4 1 1576509959.178 48.826237 2.2231455
11 10 4 1 1576509991.295 48.826237 2.2231455
11 10 4 1 1576510023.385 48.826237 2.2231455
10 10 4 1 1576510055.504 48.826237 2.2231455
11 10 4 1 1576510087.615 48.826237 2.2231455
11 10 4 1 1576510119.734 48.826237 2.2231455
11 10 4 1 1576510151.824 48.826237 2.2231455
11 10 4 1 1576510183.921 48.826237 2.2231455
11 10 4 1 1576510216.032 48.826237 2.2231455
11 10 4 1 1576510248.182 48.826237 2.2231455
11 10 4 1 1576510280.266 48.826237 2.2231455
11 10 4 1 1576510312.363 48.826237 2.2231455
11 10 4 1 1576510377.005 48.826237 2.2231455
11 10 4 1 1576510408.693 48.826237 2.2231455
11 10 4 1 1576510440.795 48.826237 2.2231455
11 10 4 1 1576510472.907 48.826237 2.2231455
11 10 4 1 1576510505.025 48.826237 2.2231455
11 10 4 1 1576510537.145 48.826237 2.2231455
11 10 4 1 1576510569.244 48.826237 2.2231455
11 10 4 1 1576510601.424 48.826237 2.2231455
11 10 4 1 1576510633.464 48.826237 2.2231455
11 10 4 1 1576510665.575 48.826237 2.2231455
11 10 4 1 1576510697.707 48.826237 2.2231455
11 10 4 1 1576510729.904 48.826237 2.2231455
11 10 4 1 1576510761.905 48.826237 2.2231455
11 10 4 1 1576510794.013 48.826237 2.2231455
11 10 4 1 1576510826.116 48.826237 2.2231455
11 10 4 1 1576510858.221 48.826237 2.2231455
11 10 4 1 1576510890.355 48.826237 2.2231455
11 10 4 1 1576510922.461 48.826237 2.2231455
11 10 4 1 1576510954.549 48.826237 2.2231455
11 10 4 1 1576510986.66 48.826237 2.2231455
11 10 4 1 1576511018.781 48.826237 2.2231455
11 10 4 1 1576511050.901 48.826237 2.2231455
11 10 4 1 1576511083.011 48.826237 2.2231455
11 10 4 1 1576511115.1 48.826237 2.2231455
11 10 4 1 1576511147.261 48.826237 2.2231455
11 10 4 1 1576511179.343 48.826237 2.2231455
11 10 4 1 1576511211.42 48.826237 2.2231455
11 10 4 1 1576511243.54 48.826237 2.2231455
11 10 4 1 1576511275.66 48.826237 2.2231455
11 10 4 1 1576511307.771 48.826237 2.2231455
11 10 4 1 1576511339.87 48.826237 2.2231455
11 10 4 1 1576511371.98 48.826237 2.2231455
11 10 4 1 1576511404.08 48.826237 2.2231455
11 10 4 1 1576511436.21 48.826237 2.2231455
11 10 4 1 1576511468.322 48.826237 2.2231455
11 10 4 1 1576511500.413 48.826237 2.2231455
11 10 4 1 1576511532.548 48.826237 2.2231455
11 10 4 1 1576511564.665 48.826237 2.2231455
11 10 4 1 1576511596.758 48.826237 2.2231455
11 10 4 1 1576511628.881 48.826237 2.2231455
11 10 4 1 1576511660.982 48.826237 2.2231455
11 10 4 1 1576511693.09 48.826237 2.2231455
11 10 4 1 1576511725.194 48.826237 2.2231455
11 10 4 1 1576511757.3 48.826237 2.2231455
11 10 4 1 1576511789.603 48.826237 2.2231455
11 10 4 1 1576511821.54 48.826237 2.2231455
11 10 4 1 1576511885.742 48.826237 2.2231455
11 10 4 1 1576511917.861 48.826237 2.2231455
11 10 4 1 1576511949.96 48.826237 2.2231455
11 10 4 1 1576511982.063 48.826237 2.2231455
11 10 4 1 1576512014.221 48.826237 2.2231455
11 10 4 1 1576512046.308 48.826237 2.2231455
11 10 4 1 1576512078.409 48.826237 2.2231455
11 10 4 1 1576512110.507 48.826237 2.2231455
11 10 4 1 1576512142.618 48.826237 2.2231455
11 10 4 1 1576512174.738 48.826237 2.2231455
11 10 4 1 1576512206.847 48.826237 2.2231455
11 10 4 1 1576512238.957 48.826237 2.2231455
11 10 4 1 1576512271.077 48.826237 2.2231455
11 10 4 1 1576512303.177 48.826237 2.2231455
11 10 4 1 1576512335.302 48.826237 2.2231455
11 10 4 1 1576512367.425 48.826237 2.2231455
11 10 4 1 1576512399.496 48.826237 2.2231455
11 10 4 1 1576512431.598 48.826237 2.2231455
11 10 4 1 1576512463.728 48.826237 2.2231455
11 10 4 1 1576512495.826 48.826237 2.2231455
18 11 4 1 1576576353.639 48.826237 2.2231455
